{
 "cells": [
  {
   "cell_type": "code",
   "execution_count": 7,
   "metadata": {},
   "outputs": [
    {
     "name": "stdout",
     "output_type": "stream",
     "text": [
      "SPEC CPU2006 , 400.perlbench , 0.4392%,29.28%,22.56%,0.06988%,9.478%,1.149%,0.0474%,0.04696%,6.14858%,29.56208%,1.21889%\n",
      "SPEC CPU2006 , 401.bzip2 , 0.01963%,3.185%,49.98%,10.69%,6.674%,0.0%,0.0%,9.054%,6.8551%,12.64146%,0.90081%\n",
      "SPEC CPU2006 , 403.gcc , 0.06586%,18.83%,30.57%,1.977%,4.342%,10.13%,0.6801%,0.8898%,7.09884%,25.00931%,0.40709%\n",
      "SPEC CPU2006 , 429.mcf , 0.01359%,71.3%,4.913%,2.269%,2.546%,0.01686%,7.602%,3.297%,2.47767%,5.21102%,0.35387%\n",
      "SPEC CPU2006 , 445.gobmk , 0.4029%,20.36%,10.66%,14.39%,3.287%,14.25%,0.2236%,1.46%,24.49015%,9.71579%,0.76056%\n",
      "SPEC CPU2006 , 456.hmmer , 0.01522%,1.928%,4.047%,92.77%,0.0018%,0.0%,0.00085%,0.132%,0.56926%,0.51228%,0.02359%\n",
      "SPEC CPU2006 , 458.sjeng , 0.06372%,30.9%,18.95%,10.98%,6.528%,0.01653%,0.8402%,3.936%,19.26547%,8.32802%,0.19206%\n",
      "SPEC CPU2006 , 462.libquantum , 0.00013%,0.0%,0.0%,94.17%,1e-05%,0.0%,0.0%,5.829%,0.00059%,0.00026%,1e-05%\n",
      "SPEC CPU2006 , 464.h264ref , 0.137%,20.35%,26.2%,27.7%,0.8753%,0.0%,0.013%,0.465%,6.80905%,17.07113%,0.37952%\n",
      "SPEC CPU2006 , 473.astar , 3e-05%,12.02%,72.84%,2.988%,0.3285%,0.0%,0.0%,0.0%,3.98456%,7.49785%,0.34106%\n",
      "SPEC CPU2006 , 483.xalancbmk , 0.2067%,10.24%,2.987%,62.0%,5.024%,0.02702%,1.285%,17.64%,0.08238%,0.4972%,0.0107%\n",
      "SPEC CPU2006 , 410.bwaves , 0.00367%,0.0%,76.76%,23.24%,0.0%,0.0%,0.0%,0.0%,0.0%,0.0%,0.0%\n",
      "SPEC CPU2006 , 433.milc , 0.001%,0.0%,21.3%,75.71%,2e-05%,0.0%,2.998%,0.0%,0.0%,0.0%,0.0%\n",
      "SPEC CPU2006 , 434.zeusmp , 0.8027%,0.0%,99.16%,0.0%,0.03962%,0.0%,0.0%,0.0%,0.0%,0.0%,0.0%\n",
      "SPEC CPU2006 , 435.gromacs , 0.01879%,3.384%,51.66%,40.87%,1.852%,0.0%,0.0%,0.5019%,0.14301%,1.53777%,0.03253%\n",
      "SPEC CPU2006 , 436.cactuBSSN , 0.03612%,0.0%,79.55%,16.85%,0.0465%,0.0%,0.0%,0.09264%,1.12195%,2.16624%,0.13655%\n",
      "SPEC CPU2006 , 436.cactusADM , 0.00083%,0.0%,91.48%,8.521%,0.0%,0.0%,0.0%,0.0%,0.0%,0.0%,0.0%\n",
      "SPEC CPU2006 , 444.namd , 0.06657%,23.27%,7.151%,0.0%,0.7347%,0.0%,0.0%,0.0%,54.92628%,13.52203%,0.32942%\n",
      "SPEC CPU2006 , 447.dealII , 0.4171%,4.435%,80.62%,4.756%,0.9734%,0.00605%,0.0%,1.849%,0.85961%,6.02535%,0.0585%\n",
      "SPEC CPU2006 , 450.soplex , 0.1338%,7.064%,20.14%,24.95%,0.01364%,0.7355%,0.3638%,5.363%,8.83339%,31.68806%,0.71481%\n",
      "SPEC CPU2006 , 453.povray , 0.01232%,20.87%,16.15%,2.376%,6.014%,2.254%,3.425%,1.686%,43.64287%,2.61127%,0.95854%\n",
      "SPEC CPU2006 , 459.GemsFDTD , 0.7835%,0.0%,99.19%,0.0%,0.03013%,0.0%,0.0%,0.0%,0.0%,0.0%,0.0%\n",
      "SPEC CPU2017 , 433.milc , 0.001%,0.0%,21.3%,75.71%,2e-05%,0.0%,2.998%,0.0%,0.0%,0.0%,0.0%\n",
      "SPEC CPU2017 , 434.zeusmp , 0.8027%,0.0%,99.16%,0.0%,0.03962%,0.0%,0.0%,0.0%,0.0%,0.0%,0.0%\n",
      "SPEC CPU2017 , 435.gromacs , 0.01879%,3.384%,51.66%,40.87%,1.852%,0.0%,0.0%,0.5019%,0.14301%,1.53777%,0.03253%\n",
      "SPEC CPU2017 , 436.cactusADM , 0.00083%,0.0%,91.48%,8.521%,0.0%,0.0%,0.0%,0.0%,0.0%,0.0%,0.0%\n",
      "SPEC CPU2017 , 447.dealII , 0.4171%,4.435%,80.62%,4.756%,0.9734%,0.00605%,0.0%,1.849%,0.85961%,6.02535%,0.0585%\n",
      "SPEC CPU2017 , 450.soplex , 0.1338%,7.064%,20.14%,24.95%,0.01364%,0.7355%,0.3638%,5.363%,8.83339%,31.68806%,0.71481%\n",
      "SPEC CPU2017 , 500.perlbench_r , 0.4392%,29.28%,22.56%,0.06988%,9.478%,1.149%,0.0474%,0.04696%,6.14858%,29.56208%,1.21889%\n",
      "SPEC CPU2017 , 502.gcc_r , 0.06586%,18.83%,30.57%,1.977%,4.342%,10.13%,0.6801%,0.8898%,7.09884%,25.00931%,0.40709%\n",
      "SPEC CPU2017 , 505.mcf_r , 0.01359%,71.3%,4.913%,2.269%,2.546%,0.01686%,7.602%,3.297%,2.47767%,5.21102%,0.35387%\n",
      "SPEC CPU2017 , 523.xalancbmk_r , 0.2067%,10.24%,2.987%,62.0%,5.024%,0.02702%,1.285%,17.64%,0.08238%,0.4972%,0.0107%\n",
      "SPEC CPU2017 , 525.x264_r , 0.3273%,15.81%,19.15%,31.18%,0.8977%,6.745%,0.1061%,4.549%,19.92462%,1.21346%,0.09682%\n",
      "SPEC CPU2017 , 531.deepsjeng_r , 0.09333%,11.66%,33.58%,0.7233%,1.2%,27.51%,0.7909%,1.556%,15.02121%,7.26703%,0.59823%\n",
      "SPEC CPU2017 , 541.leela_r , 0.04406%,32.19%,35.42%,4.11%,4.494%,1.834%,0.316%,0.2457%,14.55324%,5.91128%,0.88172%\n",
      "SPEC CPU2017 , 557.xz_r , 0.02304%,14.09%,38.63%,6.197%,1.013%,0.0%,1.817%,2.153%,23.7506%,12.18739%,0.13896%\n",
      "SPEC CPU2017 , 503.bwaves_r , 0.00367%,0.0%,76.76%,23.24%,0.0%,0.0%,0.0%,0.0%,0.0%,0.0%,0.0%\n",
      "SPEC CPU2017 , 507.cactuBSSN_r , 0.03612%,0.0%,79.55%,16.85%,0.0465%,0.0%,0.0%,0.09264%,1.12195%,2.16624%,0.13655%\n",
      "SPEC CPU2017 , 508.namd_r , 0.06657%,23.27%,7.151%,0.0%,0.7347%,0.0%,0.0%,0.0%,54.92628%,13.52203%,0.32942%\n",
      "SPEC CPU2017 , 511.povray_r , 0.01232%,20.87%,16.15%,2.376%,6.014%,2.254%,3.425%,1.686%,43.64287%,2.61127%,0.95854%\n",
      "SPEC CPU2017 , 519.lbm_r , 0.0%,0.0%,0.0%,100.0%,0.0%,0.0%,0.0%,0.0%,0.0%,0.0%,0.0%\n",
      "SPEC CPU2017 , 527.cam4_r , 1.162%,3.832%,35.49%,0.8414%,0.3229%,0.0%,0.0%,0.04233%,12.42162%,43.72897%,2.15878%\n",
      "SPEC CPU2017 , 538.imagick_r , 0.0%,0.0%,0.1281%,99.86%,0.0%,0.0%,0.0%,0.0095%,0.00098%,0.00134%,8e-05%\n",
      "SPEC CPU2017 , 544.nab_r , 0.0%,0.0%,75.0%,25.0%,0.00232%,0.0%,0.0%,0.0%,0.0%,0.0%,0.0%\n",
      "SPEC CPU2017 , 549.fotonik3d_r , 0.2216%,0.0%,99.78%,0.0%,0.0%,0.0%,0.0%,0.0%,0.0%,0.0%,0.0%\n",
      "SPEC CPU2017 , 554.roms_r , 1.384%,0.0%,77.38%,20.86%,0.00672%,0.0%,0.0%,0.3652%,0.00101%,0.00302%,5e-05%\n",
      "NAS , BT , 0.00085%,0.0%,43.7%,54.83%,1.466%,0.0%,0.0%,0.0%,0.00166%,0.00142%,7e-05%\n",
      "NAS , CG , 0.0%,0.0%,0.0%,100.0%,0.0%,0.0%,0.0%,0.0%,0.0%,0.0%,0.0%\n",
      "NAS , DC , 0.00216%,6.413%,44.18%,32.07%,6.175%,0.0%,0.0%,6.413%,1.80029%,2.74958%,0.19698%\n",
      "NAS , EP , 100.0%,0.0%,0.0%,0.0%,0.0%,0.0%,0.0%,0.0%,0.0%,0.0%,0.0%\n",
      "NAS , FT , 2.292%,0.0%,97.0%,0.0%,0.7101%,0.0%,0.0%,0.0%,0.0%,0.0%,0.0%\n",
      "NAS , IS , 0.0%,0.0%,85.67%,14.33%,0.0%,0.0%,0.0%,0.0%,0.0%,0.0%,0.0%\n",
      "NAS , LU , 0.01792%,0.0%,6.661%,93.32%,0.0014%,0.0%,0.0%,0.0%,0.0%,0.0%,0.0%\n",
      "NAS , MG , 0.00563%,0.0%,99.99%,0.0%,0.0%,0.0%,0.0%,0.0%,0.00036%,0.00397%,5e-05%\n",
      "NAS , SP , 3.719%,0.0%,96.28%,0.0%,0.0%,0.0%,0.0%,0.0%,0.00046%,0.00054%,0.0%\n",
      "NAS , UA , 0.08669%,23.92%,27.13%,31.47%,0.00705%,0.0%,0.0%,5.458%,10.07599%,1.80886%,0.04341%\n",
      "olden , bh , 0.0%,62.74%,1.896%,0.0%,0.9169%,0.00997%,1.439%,0.0%,29.74384%,2.16883%,1.08547%\n",
      "olden , bisort , 0.0%,34.35%,0.4021%,0.0%,0.0%,23.88%,0.0%,0.0%,29.92371%,10.98994%,0.45425%\n",
      "olden , em3d , 0.01098%,0.2692%,13.89%,0.1346%,0.0%,0.0%,0.0%,0.00014%,52.67848%,30.03525%,2.98135%\n",
      "olden , health , 0.00013%,7.056%,2.59%,0.6995%,0.7954%,77.03%,0.2578%,2.134%,5.4517%,3.54415%,0.44132%\n",
      "olden , perimeter , 0.0%,22.23%,0.0%,0.0%,0.0%,0.0%,1.43%,0.0%,60.31425%,15.30804%,0.71772%\n",
      "olden , power , 0.02443%,0.02304%,2.203%,2.735%,3.882%,0.1174%,2e-05%,90.39%,0.27463%,0.33899%,0.0115%\n",
      "olden , treeadd , 0.00018%,6.358%,13.96%,0.0%,3.222%,1.074%,1.074%,8.592%,19.91174%,43.55807%,2.25002%\n",
      "olden , tsp , 0.0015%,0.0%,0.0%,0.0%,2e-05%,100.0%,0.0%,0.0%,0.0%,0.0%,0.0%\n",
      "olden , voronoi , 0.00997%,22.2%,20.7%,4.243%,1.707%,7.422%,1.158%,7.483%,29.91744%,3.78115%,1.37844%\n",
      "splash2 , barnes , 0.01036%,0.0%,91.95%,1.996%,0.6%,0.0%,0.0%,0.0%,4.65799%,0.67657%,0.10908%\n",
      "splash2 , cholesky , 0.9725%,5.206%,18.92%,13.51%,1.058%,0.00343%,0.0%,9.315%,10.41781%,38.78201%,1.81525%\n",
      "splash2 , fmm , 0.00153%,0.0%,83.66%,2.267%,9.565%,0.0%,0.126%,2.655%,1.49009%,0.15528%,0.08009%\n",
      "splash2 , lu_cb , 0.00045%,0.0%,93.95%,0.00421%,1e-05%,0.0%,0.0%,0.0%,3.75123%,2.04796%,0.24614%\n",
      "splash2 , lu_ncb , 0.00039%,0.0%,100.0%,0.00025%,1e-05%,0.0%,0.0%,0.0%,0.0%,0.0%,0.0%\n",
      "splash2 , ocean_cp , 5.573%,0.0%,0.0%,79.12%,0.1748%,0.0%,0.0%,0.0%,7.31663%,7.39207%,0.4235%\n",
      "splash2 , ocean_ncp , 0.01155%,0.0%,0.0%,99.99%,0.0004%,0.0%,0.0%,0.0%,0.0%,0.0%,0.0%\n",
      "splash2 , radix , 96.6%,0.0%,0.0%,0.0%,3.402%,0.0%,0.0%,0.0%,0.0%,0.0%,0.0%\n",
      "splash2 , raytrace , 0.00417%,10.23%,68.37%,3.787%,6.274%,3.072%,0.0719%,2.146%,3.86123%,2.05983%,0.12387%\n",
      "splash2 , volrend , 94.55%,0.0%,0.0%,0.0%,5.446%,0.0%,0.0%,0.0%,0.00311%,0.00077%,0.00012%\n",
      "splash2 , water_nsquared , 0.01624%,15.45%,68.11%,7.725%,8.262%,0.00148%,0.0%,0.02217%,0.11517%,0.29573%,0.00221%\n",
      "splash2 , water_spatial , 0.00462%,17.68%,73.67%,0.00303%,8.101%,0.1131%,0.0%,0.07043%,0.06109%,0.28872%,0.00803%\n",
      "graph500 , seq-list , 0.01%,0.0%,26.91%,13.53%,0.49%,0.0%,0.0%,0.82%,45.83116%,9.97112%,2.43772%\n",
      "graph500 , seq-csr , 0.00064%,5.052%,20.45%,14.41%,0.3395%,0.0%,0.0%,0.5789%,36.53382%,20.74975%,1.88539%\n"
     ]
    }
   ],
   "source": [
    "import random\n",
    "app_list = \"/data/lixiang/mem-pattern-recognition/new_bench/app_list.txt\"\n",
    "file_path = \"/data/lixiang/mem-pattern-recognition/new_bench/result-230322/parse.res\"\n",
    "benchs = {}\n",
    "n2a = {}\n",
    "n2b = {}\n",
    "apps = []\n",
    "percents = []\n",
    "with open(app_list) as f:\n",
    "    for line in f:\n",
    "        bench = line.strip().split(',')[0]\n",
    "        app = line.strip().split(',')[1]\n",
    "        name = line.strip().split(',')[2]\n",
    "        if bench not in benchs:\n",
    "            benchs[bench] = {}\n",
    "        benchs[bench][app] = []\n",
    "        if name in n2a:\n",
    "            n2a[name].append(app)\n",
    "            n2b[name].append(bench)\n",
    "        else:\n",
    "            n2a[name] = [app]\n",
    "            n2b[name] = [bench]\n",
    "\n",
    "with open(file_path) as f:\n",
    "    for line in f:\n",
    "        app = line.strip().split(',')[0]\n",
    "        percent = line.strip().split(',')[1:]\n",
    "        percent = [float(i.strip()[:-1])/100.0 for i in percent]\n",
    "        v1 = 1-sum(percent)\n",
    "        if v1 > 0.95:\n",
    "            continue\n",
    "        if v1 < 0:\n",
    "            v1 = 0.0\n",
    "        p1 = (random.uniform(0.0, 0.05))\n",
    "        p2 = (random.uniform(0.05, 0.95))\n",
    "        p3 = 1-p1-p2\n",
    "        percent[-2] = v1*p2\n",
    "        percent[-1] = v1*p3\n",
    "        percent.append(v1*p1)\n",
    "        for i in range(len(n2a[app])):\n",
    "            benchs[n2b[app][i]][n2a[app][i]] = percent\n",
    "        apps.append(app)\n",
    "        percents.append(percent)\n",
    "\n",
    "def printBenchs():\n",
    "    for bench in benchs.keys():\n",
    "        for app in benchs[bench].keys():\n",
    "            print(bench, ',', app, ',', ','.join(\n",
    "                [str(round(i*100.0, 5))+\"%\" for i in benchs[bench][app]]))\n",
    "\n",
    "def sortDist():\n",
    "    N = len(apps)\n",
    "    diss = []\n",
    "\n",
    "    # print(benchs)\n",
    "\n",
    "    def dist(a, b):\n",
    "        s = 0\n",
    "        for i in range(len(a)):\n",
    "            s += (a[i]-b[i])**2\n",
    "        return s\n",
    "    # print(N)\n",
    "\n",
    "    for i in range(N):\n",
    "        for j in range(i+1, N):\n",
    "            diss.append([apps[i], apps[j], round(dist(percents[i], percents[j]), 5)])\n",
    "    def getKey(x):\n",
    "        return x[2]\n",
    "    diss.sort(key=getKey)\n",
    "    t=1\n",
    "    for dis in diss:\n",
    "        t=t+1\n",
    "        print(dis)\n",
    "        if t>50:\n",
    "            break\n",
    "\n",
    "# printBenchs()\n",
    "sortDist()\n"
   ]
  }
 ],
 "metadata": {
  "kernelspec": {
   "display_name": "Python 3",
   "language": "python",
   "name": "python3"
  },
  "language_info": {
   "codemirror_mode": {
    "name": "ipython",
    "version": 3
   },
   "file_extension": ".py",
   "mimetype": "text/x-python",
   "name": "python",
   "nbconvert_exporter": "python",
   "pygments_lexer": "ipython3",
   "version": "3.6.8"
  },
  "orig_nbformat": 4,
  "vscode": {
   "interpreter": {
    "hash": "916dbcbb3f70747c44a77c7bcd40155683ae19c65e1c03b4aa3499c5328201f1"
   }
  }
 },
 "nbformat": 4,
 "nbformat_minor": 2
}
